int mq2[900]{
11,
12,
12,
11,
11,
12,
11,
11,
12,
11,
11,
12,
12,
12,
11,
11,
11,
11,
12,
11,
11,
11,
11,
11,
11,
11,
11,
11,
12,
11,
11,
11,
11,
11,
11,
11,
12,
11,
11,
11,
11,
11,
11,
11,
11,
11,
11,
11,
11,
11,
11,
11,
11,
11,
11,
11,
11,
11,
11,
11,
11,
11,
11,
11,
11,
11,
11,
11,
11,
11,
11,
11,
11,
11,
11,
11,
11,
11,
11,
11,
11,
11,
11,
11,
11,
11,
11,
11,
11,
11,
11,
11,
11,
11,
11,
11,
11,
11,
11,
11,
11,
11,
11,
11,
11,
11,
11,
11,
11,
11,
11,
10,
11,
11,
11,
11,
39,
60,
74,
82,
87,
91,
93,
95,
96,
96,
94,
92,
91,
91,
91,
90,
90,
88,
87,
86,
84,
83,
81,
80,
79,
78,
77,
76,
74,
73,
72,
72,
71,
71,
70,
69,
68,
67,
65,
64,
63,
63,
67,
72,
79,
86,
88,
100,
124,
142,
150,
153,
155,
154,
149,
144,
140,
136,
133,
129,
127,
125,
124,
123,
122,
119,
117,
115,
112,
108,
107,
106,
108,
113,
122,
131,
136,
138,
137,
136,
135,
132,
131,
132,
131,
131,
130,
127,
124,
118,
110,
100,
90,
82,
74,
68,
63,
58,
54,
51,
48,
46,
45,
43,
41,
40,
39,
38,
37,
36,
35,
35,
35,
34,
33,
32,
31,
31,
30,
29,
28,
28,
27,
27,
27,
26,
26,
26,
25,
25,
24,
24,
23,
24,
24,
23,
23,
23,
22,
22,
22,
22,
22,
22,
21,
21,
21,
21,
21,
21,
21,
21,
20,
20,
21,
20,
20,
20,
20,
20,
20,
19,
19,
19,
20,
19,
19,
19,
19,
19,
19,
19,
19,
19,
18,
19,
19,
19,
19,
19,
19,
19,
19,
18,
18,
18,
18,
18,
18,
19,
18,
18,
18,
18,
18,
18,
18,
18,
18,
18,
18,
18,
17,
17,
17,
17,
17,
17,
17,
17,
17,
17,
17,
17,
17,
16,
17,
17,
17,
17,
17,
17,
17,
16,
17,
17,
17,
17,
16,
17,
16,
16,
17,
17,
16,
16,
33,
51,
58,
62,
65,
67,
69,
69,
69,
69,
69,
68,
66,
64,
62,
60,
60,
60,
62,
64,
66,
67,
68,
67,
66,
63,
63,
68,
75,
80,
83,
84,
84,
83,
80,
78,
77,
81,
84,
85,
83,
81,
79,
77,
76,
78,
78,
77,
79,
80,
80,
80,
79,
77,
75,
73,
71,
68,
65,
63,
60,
58,
55,
52,
48,
45,
44,
41,
40,
39,
37,
37,
36,
35,
34,
33,
32,
31,
31,
31,
30,
30,
29,
29,
28,
28,
28,
27,
27,
26,
26,
26,
25,
25,
25,
25,
24,
24,
24,
24,
23,
23,
23,
23,
23,
23,
22,
22,
22,
22,
22,
21,
21,
21,
21,
21,
21,
20,
20,
20,
20,
20,
20,
20,
20,
20,
20,
20,
19,
19,
19,
19,
19,
19,
19,
19,
19,
19,
18,
19,
18,
18,
18,
19,
18,
18,
18,
18,
18,
18,
18,
18,
18,
18,
17,
18,
18,
17,
17,
17,
17,
17,
17,
17,
17,
17,
17,
17,
17,
17,
18,
18,
19,
21,
23,
25,
28,
30,
31,
32,
40,
47,
50,
51,
50,
50,
50,
49,
48,
48,
50,
53,
55,
56,
55,
63,
72,
75,
75,
75,
74,
74,
72,
71,
72,
73,
74,
74,
74,
78,
79,
78,
76,
73,
71,
68,
66,
64,
62,
63,
67,
69,
70,
69,
68,
66,
63,
64,
64,
63,
63,
63,
62,
61,
60,
59,
57,
56,
55,
54,
53,
52,
51,
50,
49,
48,
47,
46,
45,
44,
44,
43,
43,
42,
42,
41,
41,
40,
40,
39,
39,
38,
37,
37,
36,
35,
34,
33,
32,
31,
30,
30,
30,
29,
29,
28,
28,
27,
27,
27,
27,
25,
25,
25,
24,
24,
23,
23,
23,
23,
23,
23,
23,
23,
23,
22,
22,
21,
22,
21,
22,
21,
21,
21,
21,
21,
21,
21,
21,
20,
21,
21,
21,
21,
21,
21,
20,
20,
20,
20,
20,
20,
20,
20,
20,
20,
20,
20,
20,
20,
19,
19,
20,
19,
19,
19,
19,
19,
19,
19,
19,
19,
19,
19,
19,
19,
19,
19,
19,
19,
19,
19,
19,
19,
19,
19,
19,
18,
19,
18,
18,
18,
18,
18,
18,
18,
18,
32,
88,
120,
133,
140,
138,
136,
134,
130,
126,
122,
118,
114,
113,
114,
115,
113,
113,
112,
111,
110,
108,
105,
103,
100,
97,
94,
91,
87,
84,
81,
79,
76,
73,
70,
68,
66,
64,
63,
62,
61,
60,
59,
57,
57,
56,
55,
54,
53,
52,
51,
50,
50,
49,
48,
48,
48,
48,
52,
58,
60,
60,
59,
58,
56,
54,
52,
51,
50,
50,
51,
54,
57,
58,
58,
58,
58,
62,
79,
99,
115,
127,
135,
141,
145,
148,
150,
152,
153,
154,
156,
158,
161,
160,
150,
136,
122,
110,
99,
91,
83,
78,
74,
70,
66,
64,
61,
59,
56,
53,
51,
50,
49,
47,
46,
45,
44,
43,
42,
41,
41,
40,
39,
38,
37,
36,
37,
36,
36,
35,
34,
34,
34,
33,
33,
33,
32,
32,
32,
31,
31,
31,
30,
30,
30,
30,
29,
29,
29,
29,
28,
28,
28,
27,
28,
27,
27,
28,
27,
27,
27,
26,
27,
26,
26,
26,
26,
25,
25,
25,
25,
24,
24,
24,
24,
24,
24,
24,
24,
24,
23,
};
